0000000000000000000000000000000000000000000000000000000000000000000000000000000000000000000000000000000000000
0000000000000000000000000000000000000000000000000000000000000000000000000000000000000000000000000000000000000
0000000000000000000000000000000000000000000000000000000000000011110000000000000000000000000000000000000000000
0000000000000000000000000000000000000000000000000010000000001111111100000000000000000000000000000000000000000
0000000000000000000000000000000000000000000011111111111000111111111111000000000000000000000000000000000000000
0000000000000000000000000000000000000000001111000000111111111111111111000000000000000000000000000000000000000
0000000000000000000000000000000000000000111000000000000111111111111111100000000000000000000000000000000000000
0000000000000000100000000000000000000001110000000000000001111111111100110000000000000000000000000000000000000
0000000000000011111111110000000000000011000000000000000000011011110111111000000000000000000000000000000000000
0000000000000110011110011000000000000110000000000000000000001111111110011110000000000000000000000000000000000
0000000000000100001100001000000000001100000000000000000000000110111000000111000000000000000000000000000000000
0000000000000100000000001000000000011000000000000000000000000011100000000001100000000000000000000000000000000
0000000000000100000000011000000000011000000000000000000000000011000000000000110000000000000000000000000000000
0000000000000110000011011000000000110000000000000000000000000110000000000000011000000000000000000000000000000
0000000000000110000011110000000000100000000000000000000000000100000000000000011000000000000000000000000000000
0000000000000011000001100000000000100000000000000000000000001100000000000000001100000000000000000000000000000
0000000000000011011111100000000001100000000011111000000000000000000000100000000100000000000000000000000000000
0000000000000011011111000000000001100000000111101100000000000000000000000000000110000000000000000000000000000
0000000000000011000010000000000011000000000111100100000000000000000000000000000010000000000000000000000000000
0000000000000011001110000000000011000000001111110110000000000000000000000000000010000000000000000000000000000
0000000000000010011110000000000111100000001111110110000000000000000000000000100010000000000000000000000000000
0000000000000010010100000000000110110000001111110010000000000000000000000000000011000000000000000000000000000
0000000000000010000110000000011100000000001111111110000000000000000000000000000011000000000000000000000000000
0000000000000010000111000000111000000000001111111111000000000000000000000000000011000000000000000000000000000
0000000000000011001111100011111100000000000101100000000000000000000000000000000011100000000000000000000000000
0000000000000000001101111111000100000000000111000000000000000000000000000000000001111000000000000000000000000
0000000000000011001000111011000100000000000010000000000000000000000000000000000001011100000000000000000000000
0000000000000011000000100011000000000000000000000000000000000000000000000000000011000111000000000000000000000
0000000000000011000000100011000000000000000000000000000000000000000000000000000011000011100000000000000000000
0000000000000011000000100000000000000000000000000000000000000000000000000000000011000001100000000000000000000
0000000000000001000000000000000010000000000000000000000000000000000000000000000011000000110000000000000000000
0000000000000001000000000000000000000000000000000000000000000000000000000000000011000000011000000000000000000
0000000000000001100000000000000000000000000000000000000000000000000000000000000010000000111000000000000000000
0000000000000001100000000000000000000000000000000000000000000000000000000000000010000000001000000000000000000
0000000000000000100000000000000000000000000000000000010000000000000000000000000110000000001000000000000000000
0000000000000000110000000000000000000000000000000000010000000000000000000000000100000000001100000000000000000
0000000000000000010000000000000000000000000000000000010000000000000000000000001100000000001100000000000000000
0000000000000000011000000000000000000000000000000000011000000000000000000000011100000000001100000000000000000
0000000000000000001000000000000000000000000000000000011000001000000000000000111000000000001100000000000000000
0000000000000000000101000000000000000110000000000000011000000000000000000000110000010000001100000000000000000
0000000000000000000110000000000000001100000000000000011000000000000000000011110000000000001100000000000000000
0000000000000000000011100000000000001100000000000000001100000000000000000011100000000000001100000000000000000
0000000000000000000000111000000000111000000000000000000110000000000000001111000000000000001100000000000000000
0000000000000000000000011111000011110000000000000000000111000000000000011100000000000000001100000000000000000
0000000000000000000000000011111111000000000000000000000011110000100011111000000000000000001100000000000000000
0000000000000000000000000000000001000000000000000000000000111111111111000000000000000000001100000000000000000
0000000000000000000000000000000001100000000000000000000000000111111000000000000000000000001110000000000000000
0000000000000000000000000000000001110100000000000000000000000000000000000000000000000000001110000000000000000
0000000000000000000000000000000000111100000000000000000000000000000000000000000000000000011010000000000000000
0000000000000000000000000000000000011000000000000000000000000100000000000000000000000000011010000000000000000
0000000000000000000000000000000000001000000000000000000000000000000000000000000000000000111010000000000000000
0000000000000000000000000000000000001100000000000000000000000000000000000000000000000000010011100000000000000
0000000000000000000000000000000000000100000000000000000000000000000000000000000000000000110111110000000000000
0000000000000000000000000000000000000110000000000000000000000000000000000000000000000000110110110000000000000
0000000000000000000000000000000000000011000000000000000000000000100000000000000000000001110100010000000000000
0000000000000000000000000000000000000001000000000000000000000000000000000000000000000011110110010000000000000
0000000000000000000000000000000000000001100000000000000000000000000000000000000000000011100010010000000000000
0000000000000000000000000000000000000000110000000000000000000000000000000000100000000110100011010000000000000
0000000000000000000000000000000000000000111000000000000000000000000000000000000000001111100001110000000000000
0000000000000000000000000000000000000000111100000000000000000000000000000000000000011001100000000000000000000
0000000000000000000000000000000000000000111110000000000000000000000000000000000011110001100000000000000000000
0000000000000000000000000000000000000000111111000000000000000000000000000000000011100001000000000000000000000
0000000000000000000000000000000000000000111111100000000000000000000000000000001110000001000000000000000000000
0000000000000000000000000000000000000000111111111000000000000000000000000001111100000001000000000000000000000
0000000000000000000000000000000000000000111111111111000000000000000000001111110000000001000000000000000000000
0000000000000000000000000000000000000000111111101111111110000000001111111111100000000001000000000000000000000
0000000000000000000000000000000000000000111111100000011111111111111111011111100000000001000000000000000000000
0000000000000000000000000000000000000000111111100000000000100000000000011111100000000001100000000000000000000
0000000000000000000000000000000000000000111111100000000000100000000000011111101000100001000000000000000000000
0000000000000000000000000000000000000000100011100000000000100000000000011111111111110111100000000000000000000
0000000000000000000000000000000000000000111111100000000000100000000000011111111111111111100000000000000000000
0000000000000000000000000000000000000000101111100000000000100000000000011111111111011111000000000000000000000
0000000000000000000000000000000000000000100111111111110000100000000000011111111111111111000000000000000000000
0000000000000000000000000000000000000000111111110111111000100000000000000000000000000000000000000000000000000
0000000000000000000000000000000000000000001111100010011000100000000000000000000000000000000000000000000000000
0000000000000000000000000000000000000000000000100010011011100000000000000000000000000000000000000000000000000
0000000000000000000000000000000000000000000000110010001111000000000000000000000000000000000000000000000000000
0000000000000000000000000000000000000000000000011111111100000000000000000000000000000000000000000000000000000
0000000000000000000000000000000000000000000000000111100000000000000000000000000000000000000000000000000000000
0000000000000000000000000000000000000000000000000000000000000000000000000000000000000000000000000000000000000
0000000000000000000000000000000000000000000000000000000000000000000000000000000000000000000000000000000000000
